832833

834458

834458

834637

834637

834637

834637

834425

9336

834637

834457

834637

834637

834637

834637

834458

749583229

834637

834458

834550

834545

834637

834637

834637

834637

834462

834637

834585

834369

834637

834617

834637

834637

834637

834458

834458

834458

834431

834637

834458

834637

834458

834637

834637

834637

820745172

834458

834637

834462

834378

834637

834458

834442

834544

834637

834637

834462

834637

834637

834637

834550

834637

834637

834550

834463

834637

834458

834637

808454426

834637

834637

834550

834462

834637

834637

834550

834462

834458

833945

834637

834458

834637

834458

834202

834637

834592

832286

834637

18549

834637

834637

834458

834637

834550

834572

834637

834575

834637

834385

834637

834637

834458

834637

834637

834637

1710300751

834458

834628

834637

834458

834637

834636

834451

834637

834432

834324

834637

832492

834417

834637

834637

834455

834637

834637

834561

834637

832539

834554

834621

834637

834458

834637

834637

834637

834637

832112

834550

834458

834458

834637

834637

834637

834637

834637

834586

834457

834637

834637

834637

834637

834637

834547

834550

834370

834637

834637

834637

832661

834458

832408

834550

834637

832814

834459

834458

833001

834458

834637

834459

834599

834637

834229

834459

834637

834567

834637

834637

834543

834637

834637

834637

834637

834637

834623

834637

834637

834462

834462

834637

1035336920

834637

834637

834636

834458

834463

834462

834458

834458

834637

834637

834637

834442

834637

834637

834621

834637

834637

833121

834637

834637

834458

547995052

834637

834637

834421

834608

834637

834637

834637

834637

834637

834637

834458

834458

834637

834637

834458

834637

834637

834637

832020

834637

834637

834637

834458

834458

833153

834458

834458

834550

834631

834637

1368533657

834637

834637

834637

834637

834458

834637

834637

832304

834018

1134987456

834637

552120242

834637

834637

834418

834458

834637

22229

834637

832386

834557

834637

834637

1134867572

834458

834637

834206

834565

834637

834637

834637

834458

834458

834442

834550

834637

834637

834462

834637

834637

834637

834550

834637

834637

834637

834637

834414

834458

834637

834637

834459

834637

834354

834637

834627

834637

834458

834637

834637

834458

832186

834608

834637

834538

834559

832405

834637

834191

834458

834637

834637

834366

834637

834637

834637

834637

834462

834637

834458

834637

834637

834414

834637

834637

834458

834458

834637

834637

832910

834404

834637

834637

834358

834458

834458

834637

834458

834637

834168

834637

834637

833742

834637

834637

834458

834637

834637

834637

1619891283

834637

834550

832400

635650009

1143079161

834597

834637

834637

834637

1619116512

834637

834542

832119

834637

834637

834637

1089665441

833232

834458

832958

834371

834637

834412

834637

834361

834442

834637

834637

834637

834637

834637

834637

834637

834625

834621

834637

834637

834637

834637

832833

832579

834637

834459

834637

834458

834442

834637

834637

834637

834637

834114

834459

834458

834637

834637

977834663

832412

834637

16614

834637

834458

834637

834637

537045929

834636

834637

834637

834550

834637

834442

834621

834459

834637

833995

834458

834462

834637

834449

834637

831919

834462

834637

834230

833898

834637

834636

834637

834637

539066723

834458

834458

834637

834550

834637

834458

834637

834637

832302

834628

834637

834637

834637

834463

834459

956867400

834637

834380

834637

834441

834630

834637

834559

834637

834637

834637

834637

834637

834458

834458

834550

834637

834550

834458

834637

553247588

834637

834637

832189

834458

834637

4803

834637

834637

834636

834462

834458

834637

834348

834637

834637

833939

834637

834637

834444

834637

834637

834539

834637

834458

834637

834459

834637

834637

938289563

834637

834637

834590

834637

834637

834637

832539

834637

834637

834637

832960

834637

538770804

834637

834637

834637

834637

834637

273

834458

834637

834637

834447

834637

834458

834442

834637

834453

834636

834457

834637

1007

834489

834637

834637

1577202568

832903

834412

819749429

834626

1707914858

834637

834357

832833

834637

834637

834458

834458

834637

834087

834623

834559

834637

834554

833571

540037778

834637

834637

834462

834458

834462

834637

833158

1507629920

7124

834637

1207982305

834637

834383

834462

832199

834458

834550

834637

834637

834443

834637

834637

834637

2514

834628

834637

834637

834212

821447

834637

834633

1499962505

834637

834637

834637

834637

834636

834637

834462

834458

1245342895

834637

834459

834636

834637

834458

833784

834637

834550

834637

834637

6468

834637

834435

834600

834637

834637

834458

834551

834637

834637

834637

834637

834637

1252016260

834458

834637

834637

834637

834637

834582

834458

834637

833156

834637

834550

834459

833319

834442

834637

834462

834462

834637

834458

834591

834458

834637

834148

832745

834361

834458

834459

834637

834636

834637

834637

834458

833258

834637

834637

834637

4081

834637

834458

833405

834551

834637

833416

834591

834582

834637

834637

834414

834637

834637

834637

834458

834458

834637

834637

834637

834637

834636

834230

834458

834637

834593

834637

833670

834458

29971

834637

834637

834637

1450

834637

834637

834431

834611

834637

1062218694

834637

834458

832833

834637

834637

834583

834637

834084

834598

834637

834458

716097747

834637

834637

834637

834637

834637

833580

834637

834637

834637

834637

834424

834637

834595

834458

834637

834458

834191

834637

834621

834550

834628

834637

834458

834637

834561

834637

834600

546893007

834637

834457

834637

834637

834550

834637

834637

834637

834540

834637

834637

834637

834637

834637

834637

834637

834637

834463

834458

834462

834637

832536

834463

834637

834579

834458

834459

834637

834458

834458

834637

834637

539797092

834637

834037

834637

834637

834458

834637

834424

834637

834551

834458

834637

834627

834637

834637

834637

834637

834462

834459

834458

834637

834359

834637

834603

834637

834637

834359

